52408.00
60432.00
76037.00
50144.00
65046.00
88355.00
98420.00
90088.00
59256.00
95300.00
72070.00
85707.00
91335.00
93560.00
63098.00
71875.00
103030.00
51748.00
83875.00
71897.00
48694.00
96695.00
66811.00
68180.00
68332.00
69252.00
63059.00
49292.00
92620.00
103860.00
96630.00
115560.00
93750.00
98155.00
70782.00
95590.00
57579.00
58085.00
56178.00
81675.00
57431.00
59308.00
83144.00
105380.00
54820.00
65772.00
78784.00
71363.00
79969.00
99850.00
71590.00
90991.00
60965.00
104110.00
70923.00
90160.00
128860.00
60977.00
48084.00
77993.00
73790.00
58224.00
57016.00
85907.00
91440.00
79150.00
99795.00
54136.00
89083.00
68412.00
96115.00
111590.00
83990.00
82590.00
66921.00
99970.00
53857.00
70709.00
90105.00
54395.00
100220.00
64460.00
97705.00
57035.00
87645.00
53706.00
96110.00
75185.00
81652.00
94390.00
52130.00
62215.00
73107.00
93605.00
66335.00
50045.00
95992.00
83219.00
96885.00
94290.00
104250.00
66402.00
89870.00
89841.00
109240.00
51077.00
70055.00
82594.00
88995.00
63392.00
108080.00
57854.00
97990.00
108220.00
109630.00
119800.00
111810.00
68383.00
78641.00
54533.00
76608.00
112920.00
75374.00
65743.00
78915.00
60925.00
60036.00
56865.00
69816.00
57516.00
79303.00
94188.00
55149.00
73581.00
71309.00
97600.00
99490.00
85315.00
116120.00
104815.00
94580.00
61448.00
59314.00
65225.00
66300.00
71123.00
50276.00
55178.00
87870.00
70979.00
99365.00
95135.00
61455.00
76933.00
95765.00
81183.00
75233.00
71868.00
56025.00
93430.00
67610.00
104260.00
125110.00
115310.00
84444.00
109920.00
73791.00
71108.00
115870.00
61026.00
59741.00
94510.00
87105.00
60859.00
78120.00
66401.00
75868.00
115170.00
60074.00
63771.00
51950.00
106760.00
84895.00
86425.00
73758.00
95965.00
60932.00
116840.00
63498.00
66110.00
53488.00
67232.00
94311.00
72963.00
88430.00
58276.00
91000.00
66580.00
72769.00
63099.00
103350.00
84797.00
60754.00
106420.00
67064.00
66709.00
72993.00
60844.00
90440.00
75011.00
100070.00
79102.00
75430.00
45692.00
119600.00
105900.00
45748.00
73305.00
87025.00
69580.00
100660.00
71611.00
93330.00
54574.00
82863.00
47866.00
80776.00
113380.00
74122.00
88791.00
62273.00
82710.00
86800.00
96445.00
81341.00
69421.00
70815.00
47730.00
62604.00
52516.00
86437.00
71984.00
55587.00
99120.00
91430.00
77842.00
95545.00
109015.00
76995.00
95875.00
65922.00
67803.00
91460.00
67778.00
69636.00
117300.00
85051.00
83665.00
59682.00
70308.00
106210.00
130430.00
73777.00
91207.00
98990.00
110070.00
71882.00
79145.00
69907.00
52774.00
90411.00
105650.00
63952.00
68033.00
50635.00
99485.00
68105.00
85350.00
88515.00
56890.00
97813.00
89817.00
59677.00
90820.00
75934.00
90210.00
78034.00
68559.00
76565.00
59047.00
95305.00
81387.00
81710.00
44368.00
92993.00
82150.00
48588.00
77199.00
79595.00
67367.00
74752.00
60134.00
53434.00
114230.00
100270.00
69356.00
104715.00
55534.00
89435.00
77074.00
115360.00
77541.00
107520.00
53563.00
51468.00
73660.00
65436.00
89020.00
69752.00
86250.00
54607.00
111810.00
99715.00
94100.00
120380.00
87120.00
99405.00
88934.00
87296.00
56285.00
52659.00
112550.00
103340.00
84627.00
77665.00
114150.00
67555.00
61474.00
73877.00
114680.00
60874.00
102630.00
76786.00
63661.00
67786.00
75636.00
83940.00
97415.00
79623.00
107055.00
121630.00
59598.00
93495.00
93510.00
113825.00
105740.00
77345.00
87160.00
85460.00
62782.00
102610.00
79213.00
111300.00
79780.00
65739.00
94160.00
58766.00
114210.00
57285.00
121990.00
124530.00
93500.00
63619.00
53296.00
60805.00
90846.00
117890.00
79040.00
68085.00
53948.00
73684.00
103275.00
56810.00
100710.00
87390.00
76476.00
107950.00
103360.00
79415.00
89175.00
78024.00
78650.00
73695.00
96975.00
95910.00
84215.00
77877.00
91043.00
102690.00
94833.00
59750.00
110500.00
57683.00
51784.00
78046.00
59820.00
84760.00
70100.00
88045.00
76886.00
71967.00
76419.00
55566.00
118010.00
91375.00
65109.00
85481.00
54755.00
74514.00
64841.00
55517.00
66077.00
68640.00
105330.00
102800.00
79431.00
66076.00
121020.00
122160.00
50140.00
80114.00
79195.00
90715.00
96830.00
74220.00
70337.00
75629.00
73980.00
103480.00
98160.00
80438.00
45368.00
94260.00
72164.00
52252.00
62400.00
81315.00
104210.00
107170.00
82983.00
114020.00
55837.00
99175.00
70092.00
75100.00
61405.00
65625.00
88413.00
54967.00
66129.00
79472.00
97800.00
62677.00
112190.00
69765.00
80830.00
85785.00
85283.00
78014.00
66114.00
96449.00
105645.00
105515.00
103630.00
75503.00
75381.00
116240.00
53333.00
75772.00
92170.00
71171.00
103560.00
87695.00
110060.00
57006.00
71516.00
78043.00
110980.00
93505.00
62791.00
94174.00
56668.00
78393.00
96100.00
72523.00
68264.00
93579.00
69947.00
66296.00
52632.00
92365.00
107690.00
76563.00
102144.00
69851.00
53828.00
59590.00
100875.00
56088.00
79186.00
116550.00
84869.00
114510.00
65791.00
97860.00
94387.00
70928.00
95995.00
55978.00
82055.00
85845.00
53292.00
64149.00
80510.00
59085.00
47695.00
99185.00
86320.00
95710.00
82919.00
87014.00
114790.00
66840.00
110070.00
89910.00
59528.00
53169.00
71975.00
72435.00
90210.00
51144.00
79919.00
55995.00
70495.00
76383.00
93875.00
112250.00
100870.00
46792.00
88900.00
60059.00
100740.00
59139.00
77910.00
60526.00
79537.00
93975.00
55524.00
94580.00
47295.00
102460.00
97240.00
77566.00
92715.00
101960.00
98270.00
59052.00
52424.00
52500.00
107140.00
115210.00
83476.00
90940.00
104430.00
114110.00
51104.00
57215.00
95210.00
88240.00
91645.00
52392.00
99085.00
85925.00
96295.00
59151.00
95800.00
88586.00
106100.00
46364.00
80851.00
94595.00
103230.00
51028.00
64461.00
69792.00
92695.00
108360.00
86594.00
65742.00
95450.00
82115.00
71810.00
116000.00
115690.00
68477.00
89650.00
78140.00
55078.00
91290.00
55753.00
56575.00
73724.00
66020.00
93760.00
72118.00
66725.00
51362.00
53368.00
51892.00
47414.00
117790.00
48720.00
102910.00
78366.00
92130.00
94659.00
69143.00
80314.00
77417.00
52340.00
95374.00
88387.00
113820.00
94660.00
94595.00
65569.00
95230.00
96939.00
56031.00
77885.00
92985.00
52968.00
76844.00
99460.00
67385.00
69458.00
89427.00
103020.00
109650.00
50601.00
80486.00
90140.00
112150.00
102575.00
93955.00
99176.00
101690.00
72358.00
94770.00
58206.00
113190.00
70933.00
116710.00
94555.00
48420.00
105635.00
102040.00
83285.00
64686.00
65621.00
86880.00
79880.00
60244.00
99995.00
98480.00
75806.00
52086.00
95190.00
78917.00
89590.00
105195.00
107950.00
97815.00
96220.00
86327.00
111070.00
62309.00
87450.00
106050.00
70612.00
105460.00
52604.00
98985.00
75854.00
90090.00
53575.00
59306.00
101330.00
99020.00
87410.00
71678.00
72811.00
75238.00
101725.00
107870.00
71876.00
79426.00
58174.00
75894.00
55508.00
81231.00
70622.00
57377.00
65534.00
96370.00
75375.00
86015.00
102270.00
60131.00
117420.00
120020.00
96790.00
71045.00
49311.00
59028.00
62424.00
76368.00
98420.00
100060.00
83305.00
91540.00
74824.00
76782.00
92390.00
78082.00
104040.00
81545.00
98890.00
80798.00
112360.00
78270.00
103950.00
82883.00
61358.00
66289.00
88780.00
80546.00
70020.00
51372.00
64557.00
51144.00
70668.00
110610.00
97110.00
104710.00
113820.00
82535.00
59914.00
50712.00
104750.00
102140.00
70368.00
77886.00
93060.00
55020.00
76120.00
58168.00
54217.00
63553.00
116360.00
114860.00
102330.00
101810.00
63202.00
73617.00
63928.00
89945.00
57894.00
107390.00
106240.00
86698.00
95210.00
99610.00
56204.00
69830.00
106730.00
56577.00
75705.00
57962.00
78875.00
49508.00
97110.00
113530.00
64609.00
111940.00
80940.00
90075.00
78613.00
91603.00
82702.00
99140.00
70663.00
93375.00
119490.00
69211.00
86490.00
64440.00
54374.00
57026.00
82543.00
100850.00
69711.00
80160.00
86325.00
74406.00
75198.00
59768.00
68880.00
110100.00
56324.00
76825.00
74706.00
75309.00
70192.00
82480.00
107840.00
76367.00
54794.00
70169.00
50290.00
70986.00
85045.00
100580.00
82411.00
81585.00
92930.00
116360.00
75083.00
90545.00
112270.00
57598.00
78410.00
62295.00
48360.00
103060.00
79330.00
115190.00
94600.00
64805.00
79458.00
88245.00
61652.00
117310.00
78418.00
96870.00
